ts_plus,m00,m01,m02,m03,m10,m11,m12,m13,m20,m21,m22,m23,m30,m31,m32,m33,probe_visible
520.55,0.889118979019,0.455933014995,0.0399064779828,-166.342953921,-0.392416619421,0.80430973341,-0.446200683039,-0.490411959562,-0.235534791379,0.381065530559,0.894042741411,-805.84203349,0,0,0,1,1
520.611,0.889762426458,0.454721211997,0.0393883716783,-166.54284064,-0.391754910065,0.805127768377,-0.445305925212,-0.755280181469,-0.234202721811,0.380785892528,0.89451170431,-806.02837368,0,0,0,1,1
520.672,0.889555683215,0.455327418266,0.0369814634053,-167.151828229,-0.393507283183,0.804861136531,-0.444241566025,-0.851548838901,-0.232040308011,0.380625134585,0.89514345352,-805.883404888,0,0,0,1,1
520.734,0.888609479219,0.457217099679,0.0364103996551,-167.746512706,-0.395613143024,0.804203988368,-0.443560803228,-0.833441862505,-0.232084972604,0.379747901712,0.895504381138,-805.561046221,0,0,0,1,1
520.793,0.888144825701,0.458207225052,0.0352832466097,-168.279140131,-0.39732654745,0.804180203083,-0.442069921688,-0.557223108697,-0.23093372052,0.378603142987,0.896286381046,-805.287700459,0,0,0,1,1
520.854,0.887948818289,0.458392731874,0.037722665132,-168.219777686,-0.396921490194,0.805138940634,-0.440686529063,-0.0897113796528,-0.232379488599,0.376334146259,0.896868097124,-805.140730021,0,0,0,1,1
520.917,0.888102220816,0.457754283955,0.0416588634233,-167.679944535,-0.39542584542,0.807081144567,-0.4384728348,0.166655051252,-0.234334901701,0.372935707065,0.897778431597,-805.053079129,0,0,0,1,1
520.979,0.88840026876,0.456724748116,0.0463407695756,-166.866246349,-0.393579815953,0.80973360122,-0.435231459719,-0.00753391762116,-0.236304657044,0.368420954226,0.899125191253,-804.879116299,0,0,0,1,1
521.039,0.888873193695,0.455286092925,0.0511763531215,-166.189925918,-0.391665468013,0.813077049025,-0.43070160612,-0.166051896249,-0.237702769643,0.362795101865,0.901042233953,-805.115374407,0,0,0,1,1
521.099,0.889267878328,0.454133337559,0.054456884705,-165.935794177,-0.389415368654,0.814181093165,-0.430656264541,-0.795330545597,-0.239913132676,0.361762434824,0.900871594357,-806.088549471,0,0,0,1,1
521.157,0.888579780187,0.455661042886,0.0529054651141,-166.309017434,-0.391134569224,0.812858655739,-0.431595359738,-1.25521589215,-0.239665856977,0.362813753579,0.900514551361,-807.006116882,0,0,0,1,1
521.24,0.887797753218,0.457854931911,0.0467334003241,-166.834592959,-0.394213246247,0.808915104644,-0.436179171857,-1.59197437361,-0.237510138445,0.368815963326,0.898645491466,-808.322196192,0,0,0,1,1
521.299,0.887596386698,0.458603977896,0.0430702423772,-166.343460069,-0.395416408457,0.806569866488,-0.439421112825,-1.49543113733,-0.236259429957,0.37299791143,0.897248036958,-808.763967561,0,0,0,1,1
521.357,0.88716090038,0.45898161411,0.0477641575526,-164.527955982,-0.393400434271,0.806356727582,-0.441616265777,-1.26674868661,-0.241208696263,0.372994243645,0.895931726782,-808.512571087,0,0,0,1,1
521.417,0.886583914207,0.459563049381,0.0526380728464,-162.29694997,-0.392445248593,0.807534155578,-0.44031274616,-1.17773095523,-0.244858510014,0.369716636382,0.896300127667,-807.511934892,0,0,0,1,1
521.478,0.885407529722,0.461728188845,0.0534844457536,-160.44534736,-0.393780666522,0.80624984293,-0.441472510412,-1.55365168911,-0.246962128645,0.369821944187,0.895679315722,-806.282622798,0,0,0,1,1
521.539,0.884267366059,0.463663462191,0.0555645494207,-158.919313282,-0.395432537104,0.806758198088,-0.439060722927,-1.41576555894,-0.248403570672,0.366275038252,0.896737566086,-804.804975044,0,0,0,1,1
521.599,0.884568848663,0.463098527973,0.0554770706167,-158.290554764,-0.395752953357,0.80817991966,-0.43614770132,-0.881371483498,-0.246814812934,0.363847455463,0.898163391187,-803.999744729,0,0,0,1,1
521.661,0.886168636015,0.46020578165,0.0539980284704,-157.800009793,-0.394210748317,0.810025826286,-0.434115245828,-0.627353706563,-0.243522143662,0.363412712058,0.899237547182,-803.998079799,0,0,0,1,1
521.726,0.889642099805,0.453920693683,0.0499293310687,-157.318573966,-0.389429973186,0.811224933202,-0.436186203055,-1.50263193983,-0.238497862126,0.368605631532,0.898470176558,-804.931312937,0,0,0,1,1
521.803,0.88540067055,0.461628197971,0.0544523592512,-155.529520983,-0.392979386024,0.805954954881,-0.442723178592,-3.0486206823,-0.248259651877,0.370588744488,0.895003423295,-806.312139613,0,0,0,1,1
521.861,0.887350443012,0.457757716666,0.0553810808736,-154.246416485,-0.388648879428,0.807146543856,-0.444372034741,-4.41681442156,-0.248115375996,0.372789926867,0.894128866898,-807.541386772,0,0,0,1,1
521.921,0.890353546279,0.451768780342,0.0563518565537,-153.014877485,-0.383289644606,0.810615521215,-0.4427093009,-5.49655526216,-0.245681930486,0.372568712956,0.894892699243,-808.097852073,0,0,0,1,1
521.98,0.89049933319,0.451131764495,0.0590852659508,-151.747973544,-0.382605503604,0.812773549688,-0.439331521222,-6.24429902466,-0.246219345708,0.368618078763,0.896379799978,-808.18815879,0,0,0,1,1
522.042,0.891954983052,0.447875995773,0.0618336528092,-150.029273651,-0.378938971913,0.815150001023,-0.438104703693,-7.69580642192,-0.24662028257,0.367338492732,0.89679477473,-808.510108694,0,0,0,1,1
522.101,0.893136985401,0.445089343775,0.0648213033407,-148.178543562,-0.374978239375,0.816407879698,-0.439169094953,-9.48000942649,-0.248390107099,0.367931583347,0.896062891025,-809.106898256,0,0,0,1,1
522.159,0.894240214685,0.442452740945,0.0676018525626,-145.938033065,-0.370613417042,0.8166434221,-0.442424249165,-11.9024566114,-0.25095842992,0.370579401979,0.894254311301,-810.204121745,0,0,0,1,1
522.236,0.894805382174,0.44069661628,0.0714830079967,-142.248105514,-0.366040451423,0.815837756902,-0.447686433049,-15.7390951411,-0.2556124331,0.374426557302,0.89132880422,-811.909371744,0,0,0,1,1
522.296,0.894306618432,0.441184536745,0.0746450049646,-138.890861118,-0.364747168735,0.81541652852,-0.449505715109,-18.9666243622,-0.259181741504,0.374769381824,0.890153208902,-812.927507274,0,0,0,1,1
522.356,0.894981878383,0.439205295413,0.0781418316095,-135.101976397,-0.361438053499,0.816585593437,-0.450056109917,-22.4669822746,-0.261476520646,0.374548631117,0.889574815335,-813.924741709,0,0,0,1,1
522.414,0.897265818498,0.433696318862,0.0825926991947,-131.395252487,-0.353711591897,0.818128363588,-0.453380734537,-25.6614181707,-0.264200985448,0.377589040755,0.887482031137,-815.34709328,0,0,0,1,1
522.474,0.899982597734,0.427385586377,0.0858655014148,-127.719410744,-0.344391051282,0.81783654257,-0.461018647599,-28.7627890705,-0.267256669838,0.385337449769,0.883226427499,-817.218150167,0,0,0,1,1
522.537,0.902242742848,0.421445246648,0.0913342052869,-123.282413516,-0.335956639915,0.819747798493,-0.463839070113,-31.9856166603,-0.27035378502,0.387811102141,0.881198831128,-819.015352705,0,0,0,1,1
522.598,0.902350454202,0.42083320908,0.0930756033404,-119.713407108,-0.333368458841,0.818350166755,-0.468154328425,-34.815191927,-0.27318332389,0.391410800449,0.878731163007,-820.723287441,0,0,0,1,1
522.656,0.90155062871,0.420838007059,0.100507888684,-115.798012907,-0.328718503099,0.817250795662,-0.473334218824,-37.4645965126,-0.28133718132,0.393695959853,0.87513020837,-822.56488417,0,0,0,1,1
522.733,0.9029163304,0.416112356839,0.10766896852,-110.840213223,-0.318599024733,0.816087170526,-0.482178796238,-40.734442043,-0.288507819194,0.401063880931,0.869431424367,-825.114385687,0,0,0,1,1
522.794,0.903889321138,0.412194537044,0.114366772989,-106.922531246,-0.311353278237,0.817288555265,-0.484869625325,-42.6755495465,-0.293331265404,0.402660006784,0.867076517773,-826.577088269,0,0,0,1,1
522.852,0.904656877791,0.408849509684,0.120158278523,-103.336791315,-0.305027092468,0.818172126674,-0.487393931019,-44.3961603201,-0.297580923997,0.404272741556,0.864875218808,-827.771029299,0,0,0,1,1
522.932,0.902983951726,0.411544030474,0.123496938857,-99.525940433,-0.304750135664,0.816041322088,-0.491125152541,-46.2072493491,-0.302898230002,0.405842422163,0.862290316909,-828.544980435,0,0,0,1,1
522.971,0.901205215887,0.414502253907,0.126558446436,-97.4365782113,-0.306146462233,0.815554629573,-0.491065158451,-46.826681383,-0.306762941896,0.403805061494,0.861880484633,-828.522369505,0,0,0,1,1
523.047,0.900693847639,0.413876721659,0.132123624288,-93.0186193384,-0.305009314056,0.818950877169,-0.486095442402,-47.6980542338,-0.30938634612,0.397524238322,0.863860271561,-828.311536324,0,0,0,1,1
523.108,0.902226205848,0.409729496592,0.134571962544,-89.3437503705,-0.301305565195,0.822125389369,-0.483037059177,-48.3327135831,-0.308549558196,0.395261411952,0.865196848329,-828.665753213,0,0,0,1,1
523.169,0.902437909236,0.408832423479,0.135874462231,-86.0555410082,-0.30016157531,0.822898263889,-0.48243287201,-49.2141087063,-0.309045059307,0.394581419736,0.865330373047,-829.474375355,0,0,0,1,1
523.227,0.899379605019,0.414849986379,0.137897842178,-83.4435653687,-0.303942421192,0.820096021565,-0.484831434638,-50.1691246033,-0.314221785808,0.394134500157,0.863668145244,-830.467529297,0,0,0,1,1
523.285,0.894238664302,0.42537760619,0.139251942248,-81.6347045188,-0.310631250547,0.813801694343,-0.491156826755,-51.2825868256,-0.322250581771,0.395955419758,0.859868517922,-831.458671405,0,0,0,1,1
523.366,0.886698621473,0.441089108136,0.138585545285,-78.7561700801,-0.321169738162,0.803243275374,-0.501647525515,-52.7618521835,-0.332589166942,0.400300686047,0.853899178348,-832.98438861,0,0,0,1,1
523.426,0.88390299543,0.447154062321,0.136999048244,-76.219329834,-0.326220779146,0.79941689071,-0.504492455941,-53.3258666992,-0.335105204261,0.401230456718,0.852477930904,-833.303833008,0,0,0,1,1
523.488,0.882950174325,0.450471541497,0.132190695437,-73.7226115713,-0.331143379324,0.797194178088,-0.50480244131,-53.3248622632,-0.332780786688,0.401941329952,0.853053407055,-833.389633011,0,0,0,1,1
523.547,0.880879459746,0.455880065746,0.127376383422,-71.2285703288,-0.335124152983,0.790698107932,-0.512336124238,-53.6292228818,-0.334280091369,0.408619465723,0.849286143032,-834.208476739,0,0,0,1,1
523.608,0.875383296007,0.466472867774,0.126913942115,-68.8261259056,-0.340746182702,0.781598943778,-0.5224893588,-54.3458293621,-0.342922912688,0.414133015728,0.843147508588,-835.273736559,0,0,0,1,1
523.668,0.870609615607,0.476049680624,0.124159569872,-67.1920253046,-0.347756829078,0.773993593889,-0.529149415996,-55.1983798591,-0.348000122188,0.41750523134,0.839395792675,-835.451882171,0,0,0,1,1
523.73,0.866075974403,0.485805363095,0.117921820496,-66.3912718121,-0.357785611574,0.767100882216,-0.532490086907,-55.6145263196,-0.34914447255,0.418986140214,0.838181812972,-834.408877424,0,0,0,1,1
523.791,0.860222565493,0.496390708805,0.116676484475,-65.4592252474,-0.369294911508,0.764247335108,-0.52872230813,-55.2461210863,-0.351622533623,0.411730828324,0.840737366159,-831.90053947,0,0,0,1,1
523.852,0.857088820921,0.502702914518,0.112643387682,-64.2099960098,-0.378217085444,0.762475870372,-0.524959411173,-55.141359956,-0.349786491065,0.407333188969,0.84364037589,-829.408129825,0,0,0,1,1
523.91,0.855141363218,0.506623472669,0.10984491729,-62.4823376889,-0.384059190219,0.761476138926,-0.522161496335,-55.4430346609,-0.348183554066,0.404334943812,0.845743144158,-827.761639473,0,0,0,1,1
523.992,0.853965524128,0.509474102907,0.105730894572,-59.5331016325,-0.386328742806,0.756934850607,-0.527067106182,-56.6880064026,-0.348558439981,0.409250254006,0.843220756098,-827.543568638,0,0,0,1,1
524.029,0.853262349834,0.511196502401,0.103060653447,-58.2054915962,-0.388282621385,0.754713418425,-0.528814014546,-57.3819630942,-0.348109132724,0.411200427995,0.842457262851,-827.758611396,0,0,0,1,1
524.11,0.846705786417,0.522262979914,0.101640007181,-56.4388014462,-0.395901088354,0.746045885238,-0.535423071374,-58.4659393815,-0.355459757903,0.41310642325,0.838445850118,-828.675270161,0,0,0,1,1
524.17,0.840936485736,0.531923241046,0.0994157562623,-56.7225368481,-0.40405675328,0.739432052116,-0.538496407074,-58.6816518029,-0.359949950808,0.412671668446,0.836742569119,-828.594675091,0,0,0,1,1
524.228,0.838499821738,0.53647298857,0.0954713647094,-56.7102429364,-0.409466245126,0.735944482294,-0.539187456348,-58.859874094,-0.359521130181,0.413016284806,0.836756897455,-828.308423733,0,0,0,1,1
524.287,0.83799059689,0.536836532851,0.0978687719395,-55.6037141003,-0.410750075374,0.738620787229,-0.534531297731,-58.4876628495,-0.359243837949,0.407732595791,0.839462920697,-827.483296573,0,0,0,1,1
524.368,0.84356062245,0.528680655678,0.0943516855399,-54.1942404316,-0.404453096016,0.741006712805,-0.536028678991,-57.7732592798,-0.353303225821,0.41401185477,0.838910611886,-826.507638251,0,0,0,1,1
524.428,0.850452981897,0.516591910707,0.0993102380174,-51.8961363446,-0.393830150334,0.750402914992,-0.530842046054,-57.1295110767,-0.348751398951,0.412344835014,0.841631866535,-825.153227201,0,0,0,1,1
524.467,0.854434392878,0.510071465442,0.0988380918915,-50.6455431726,-0.389889933188,0.755216093622,-0.526910326272,-56.661675787,-0.343406039938,0.411674327686,0.844154334028,-824.272862062,0,0,0,1,1
524.549,0.85325314552,0.511280921782,0.102717518869,-49.4070854987,-0.391014263011,0.757557228109,-0.522699619535,-55.91279919,-0.345060742163,0.405831079591,0.846306220617,-823.218337507,0,0,0,1,1
524.61,0.852288959546,0.512651041993,0.103886662181,-49.527588967,-0.391698563775,0.757144291166,-0.522785575061,-56.0647242026,-0.346663762992,0.404872117463,0.84611039701,-823.111552483,0,0,0,1,1
524.672,0.851983250359,0.512296269277,0.108060508937,-49.5426177979,-0.390072327245,0.758753692652,-0.521666956405,-56.1335296631,-0.349239345757,0.402300094919,0.846278035283,-822.885559082,0,0,0,1,1
524.732,0.851226169334,0.513473021156,0.1084410678,-49.7798314557,-0.391103201537,0.758461870819,-0.521319361103,-56.0229357801,-0.34993184249,0.401349033957,0.846443535361,-822.616692993,0,0,0,1,1
524.8,0.850731433681,0.514068048168,0.10949917625,-49.6579651506,-0.391462863167,0.758733897149,-0.520653147574,-56.0739656574,-0.350731884076,0.400071137637,0.846717326102,-822.313002574,0,0,0,1,1
524.861,0.850872560099,0.514377542393,0.106918802615,-49.9218537726,-0.392717185282,0.757902991322,-0.520918677079,-56.4448964122,-0.348982949233,0.401246557153,0.846883759153,-822.515513274,0,0,0,1,1
524.922,0.850527362836,0.514726973449,0.107978460217,-50.1184319704,-0.392348181316,0.757706118359,-0.5214828308,-56.668066789,-0.350237219161,0.401170264357,0.84640197856,-822.697130036,0,0,0,1,1
524.982,0.850240053315,0.515110453041,0.108411590273,-50.2285150085,-0.392859735877,0.758026777605,-0.520630994429,-56.8593477542,-0.350361355838,0.400070775741,0.846870884335,-822.551511516,0,0,0,1,1
525.042,0.84938796778,0.515445021031,0.113386553366,-50.0066622345,-0.390958451343,0.758833544662,-0.520886879102,-57.354929452,-0.354530068561,0.398105616376,0.846061669558,-821.931163257,0,0,0,1,1
525.102,0.847693381344,0.51642320522,0.121338387727,-49.3149482725,-0.389031385453,0.760677403994,-0.519638786259,-58.0337544949,-0.360652897337,0.393289918715,0.845726035711,-820.746716422,0,0,0,1,1
525.164,0.846689360582,0.51570319497,0.131024201488,-48.4572847268,-0.38439228248,0.763099935665,-0.519539277975,-58.7545247211,-0.36791262529,0.389523687196,0.844340924784,-819.162430079,0,0,0,1,1
525.224,0.84569947254,0.514948204909,0.140074081852,-47.4473419189,-0.380264724777,0.765640914603,-0.518837863861,-59.5846939087,-0.374421074775,0.385515675617,0.843318755049,-817.797180176,0,0,0,1,1
525.305,0.844031270889,0.515923028134,0.146405747165,-46.5420655185,-0.378867137252,0.766835207255,-0.518095992288,-60.7157620043,-0.379566734676,0.381820892508,0.842699175253,-816.564574769,0,0,0,1,1
525.365,0.842240373538,0.516021271587,0.156055119916,-45.5957820696,-0.37636075089,0.770070335509,-0.515115776848,-61.2750490305,-0.385984116735,0.375118282196,0.84279448028,-814.865025311,0,0,0,1,1
525.427,0.839359581822,0.51737613522,0.166725604239,-44.5066912539,-0.37459757361,0.772810680413,-0.512289283593,-62.0837101022,-0.393893577314,0.367539912042,0.842473894436,-812.874150519,0,0,0,1,1
525.486,0.836494227787,0.518850522144,0.176271218722,-43.557648818,-0.373881922734,0.775572321544,-0.508625482952,-62.815536527,-0.400611675731,0.359557658416,0.842750601033,-810.806384633,0,0,0,1,1
525.545,0.83404204467,0.520412964073,0.183150797286,-42.7498358347,-0.373560364497,0.777003554422,-0.506673593641,-63.5606916711,-0.405988327171,0.354169201429,0.842459289794,-808.943530532,0,0,0,1,1
525.607,0.831764003804,0.521713707124,0.189693040925,-41.8763651658,-0.372719816026,0.778075387767,-0.505646743975,-64.2542157864,-0.411398323669,0.349876404964,0.841628136728,-807.383092719,0,0,0,1,1
525.668,0.82941350964,0.522682041796,0.197171786038,-40.772834981,-0.370908274854,0.779179337312,-0.505278746784,-64.8960928006,-0.417732308627,0.345952371707,0.840128963219,-805.982213105,0,0,0,1,1
525.728,0.827913509797,0.522986236991,0.202594709242,-40.0043583802,-0.368767159514,0.779767546037,-0.505938095236,-65.6155486548,-0.422575439844,0.344162708707,0.838440234946,-805.106260345,0,0,0,1,1
525.79,0.825751901742,0.523761248375,0.209303491297,-39.1249129853,-0.365935427872,0.779866860666,-0.507837515611,-66.6824474414,-0.429214467833,0.34275623165,0.835639339828,-803.916489681,0,0,0,1,1
525.851,0.823668064047,0.523200704457,0.218705151117,-37.7389018064,-0.361773126125,0.78181337199,-0.507826797827,-67.917856789,-0.436681950032,0.339159069218,0.833234660995,-802.254051926,0,0,0,1,1
525.914,0.821421510247,0.521930310207,0.229903140019,-36.3716744013,-0.356043482031,0.784199922871,-0.508196339885,-69.1932889819,-0.445533097993,0.335587890508,0.829988570004,-800.436892876,0,0,0,1,1
525.994,0.819268622734,0.519075115424,0.243638971332,-34.9945209469,-0.346335546237,0.786580346364,-0.511217222057,-71.2564225092,-0.457001765004,0.334443393211,0.824194760673,-799.100233006,0,0,0,1,1
526.035,0.818141921792,0.517378442979,0.250924973939,-34.3245642272,-0.340807084154,0.787772550928,-0.513093499661,-72.6451416326,-0.463135322769,0.334266293162,0.820835987308,-798.316318749,0,0,0,1,1
526.097,0.816650920374,0.515799374083,0.258905928763,-33.5933235004,-0.334740245234,0.788767336151,-0.51555315695,-74.454810409,-0.470138535406,0.334360726038,0.816806380001,-796.779508676,0,0,0,1,1
526.159,0.813746782053,0.514606284358,0.270178731209,-32.3115148393,-0.328755084727,0.790868221298,-0.516185577875,-76.2156462549,-0.479308114853,0.331221721268,0.812745902725,-795.00040712,0,0,0,1,1
526.238,0.810316578142,0.51222449263,0.284628024513,-30.1202570216,-0.319848821364,0.793596905437,-0.517591231719,-78.4144592728,-0.491002825511,0.328374817595,0.80689912908,-793.261925526,0,0,0,1,1
526.296,0.807906267282,0.509640716631,0.295894919251,-28.8296433633,-0.311990270041,0.795859428529,-0.518912171202,-80.1526389766,-0.49994953214,0.326916059522,0.801982764989,-792.054570499,0,0,0,1,1
526.357,0.805854332297,0.50671661929,0.306328357899,-27.706376813,-0.303788026753,0.797886901443,-0.52066239283,-82.1456311787,-0.508243671794,0.326519157541,0.796915058108,-790.830245145,0,0,0,1,1
526.417,0.804357245871,0.504206204949,0.31430164477,-26.8273640898,-0.296344133885,0.798960068525,-0.523300069954,-84.1170573261,-0.514965605964,0.327778754334,0.792067871385,-789.955384372,0,0,0,1,1
526.476,0.802462160106,0.501419131888,0.323470764945,-25.6899757385,-0.290386755245,0.801733618174,-0.522397107445,-85.5789871216,-0.521277290869,0.325272285425,0.788966365797,-789.048278809,0,0,0,1,1
526.537,0.800468536522,0.497570715334,0.334175859811,-24.3186964209,-0.282189416313,0.804737695066,-0.522270404543,-87.1907686613,-0.528790369957,0.323760135567,0.784576394788,-787.967873557,0,0,0,1,1
526.598,0.798364641084,0.495238095689,0.34256842885,-23.4119615708,-0.277403579704,0.807397318508,-0.520727206927,-88.7367175222,-0.534472781191,0.320700481204,0.781978290953,-786.66377873,0,0,0,1,1
526.661,0.796616847139,0.492352344417,0.350700396066,-22.4744002671,-0.27231671691,0.810259150472,-0.518964078494,-90.1522742601,-0.539671385702,0.317913947513,0.779541863809,-785.248002411,0,0,0,1,1
526.725,0.7948678193,0.490227294567,0.357578452235,-21.415473938,-0.269226486648,0.813053488003,-0.516198725815,-91.2267074585,-0.54378511264,0.314040165117,0.778252225159,-783.609985352,0,0,0,1,1
526.788,0.790867754921,0.490494467661,0.365982747434,-20.3984557507,-0.268111493773,0.815274706034,-0.513267357824,-92.2364504844,-0.550131276272,0.307802421847,0.776281680817,-781.875971056,0,0,0,1,1
526.85,0.787976923394,0.490442240445,0.372234841176,-19.3609939938,-0.268159788933,0.817584256712,-0.509555012513,-93.3653642153,-0.554240647912,0.301699174617,0.775754414901,-779.983131787,0,0,0,1,1
526.911,0.785334679792,0.490245454089,0.378032849712,-18.2356536976,-0.266369552704,0.818819496666,-0.508509481988,-94.6773053005,-0.55883512963,0.298653690123,0.773633809543,-778.775808013,0,0,0,1,1
526.971,0.782110321568,0.489906520295,0.385090958437,-16.9838294983,-0.263287937879,0.819914252164,-0.50835035248,-95.7994308472,-0.564785717476,0.296196253304,0.7702498769,-777.652282715,0,0,0,1,1
527.034,0.778877337146,0.488132423752,0.393797956525,-15.3784781622,-0.260670467048,0.823041661532,-0.50463187671,-96.6946976355,-0.570439305527,0.290394835121,0.768290204574,-775.931459605,0,0,0,1,1
527.095,0.775845531852,0.48862736405,0.399132822262,-14.2886503387,-0.261048345604,0.824538708941,-0.501985735569,-97.7933185999,-0.574384428726,0.285270427067,0.767270038173,-774.045843726,0,0,0,1,1
527.178,0.770942840846,0.488433431709,0.408754105714,-12.2748376678,-0.259409184062,0.826941768762,-0.498872915982,-99.4755450032,-0.581682053507,0.278567934023,0.764228954412,-771.527317424,0,0,0,1,1
527.218,0.767437324687,0.487133264445,0.416822666548,-10.7516414212,-0.255271904603,0.828558183913,-0.498324784244,-100.335886356,-0.588112410512,0.276029923274,0.76021791222,-770.44986962,0,0,0,1,1
527.303,0.759282261059,0.484505779891,0.434447462064,-7.60317437179,-0.247493070204,0.832425510298,-0.495797287212,-101.776242455,-0.601861801615,0.268927349033,0.751957746618,-768.668519284,0,0,0,1,1
527.362,0.754042364078,0.483698354903,0.444360230714,-5.50772273495,-0.244114473176,0.83444505184,-0.494074467511,-102.750897101,-0.609777202888,0.264078315891,0.747284688665,-767.244192649,0,0,0,1,1
527.422,0.751020220085,0.481077237597,0.452253601964,-3.68283496061,-0.242019935527,0.837840345908,-0.489336188704,-103.335037823,-0.614324816226,0.258046984548,0.745665323007,-765.743456916,0,0,0,1,1
527.48,0.74999832533,0.481419302349,0.453583473386,-2.39014485684,-0.245470476947,0.839362792462,-0.484989017997,-104.208391329,-0.614204165527,0.252399599754,0.747694914449,-763.604179055,0,0,0,1,1
527.543,0.749366154335,0.479138618315,0.457030142525,0.117076932855,-0.248133050245,0.843118696458,-0.477054350214,-105.336818715,-0.613905820231,0.24408410051,0.750694742066,-760.537939711,0,0,0,1,1
527.603,0.74615777628,0.472769033591,0.468762214533,3.43430213815,-0.2457196656,0.849938221169,-0.466076030422,-106.177860229,-0.618765237254,0.232582159837,0.750356661923,-758.127497713,0,0,0,1,1
527.664,0.741869128352,0.471268948124,0.477007101554,6.06996506331,-0.242701543748,0.851858542117,-0.464147589549,-107.60563631,-0.62508092041,0.228566407759,0.74634525535,-756.289092199,0,0,0,1,1
527.725,0.735220799778,0.470993415712,0.487458283272,8.36073144255,-0.239311829292,0.853203422579,-0.463436908392,-108.957217035,-0.634176808102,0.224073920961,0.740007198621,-754.922725533,0,0,0,1,1
527.806,0.725517165227,0.468403946754,0.504204904405,11.8290620636,-0.231504221588,0.856051598156,-0.462148738699,-111.048474346,-0.648097707408,0.218571278898,0.729517619865,-753.51696607,0,0,0,1,1
527.846,0.721695809909,0.466900532992,0.511037229809,13.3685556228,-0.227733735506,0.857321549228,-0.461667745182,-112.007910132,-0.653676145864,0.216803259941,0.725054372311,-752.613654799,0,0,0,1,1
527.927,0.713451135787,0.465688622955,0.523566216724,16.085400858,-0.222260077802,0.859015180958,-0.461186921648,-114.236024992,-0.66452083087,0.212666464997,0.716369346082,-750.609086398,0,0,0,1,1
527.985,0.706543879351,0.465496728723,0.53301833186,18.0888396868,-0.217174101353,0.859485163741,-0.462731739792,-116.287433089,-0.673521459385,0.211182501305,0.708357815578,-749.73742015,0,0,0,1,1
528.043,0.699962660389,0.463915447987,0.542986860965,19.7766567581,-0.209211711756,0.860135334345,-0.465185625611,-118.281888215,-0.682848983104,0.212013357434,0.699119161906,-748.916636398,0,0,0,1,1
528.103,0.694815240251,0.461395650641,0.551675480228,21.0453835507,-0.200413042237,0.860913023126,-0.467614562554,-120.266889403,-0.690699930807,0.214342763306,0.690645195019,-748.002659857,0,0,0,1,1
528.164,0.689621036955,0.45899502134,0.560130695261,22.1987271092,-0.191536536497,0.861542251341,-0.470168804092,-123.106474365,-0.698381400508,0.216952804866,0.682051977408,-747.23389786,0,0,0,1,1
528.228,0.682601299183,0.461482345055,0.566647607915,23.1953889772,-0.187663531089,0.860079293978,-0.474390142361,-126.617911971,-0.706284549918,0.217480236511,0.673694649878,-746.370524361,0,0,0,1,1
528.291,0.673870818474,0.461280381815,0.577164213514,24.8610119411,-0.180360473967,0.860234500288,-0.476934695682,-129.95017352,-0.716497187321,0.217294762632,0.662883675085,-745.303009462,0,0,0,1,1
528.37,0.667467639854,0.450012439484,0.593275445352,27.9155346603,-0.164695669611,0.866214006988,-0.471750602023,-133.401913201,-0.726197140011,0.217168364196,0.652284918906,-743.764446199,0,0,0,1,1
528.431,0.669112314779,0.439170921774,0.599514479958,30.0876776763,-0.155979929555,0.87173130858,-0.464494119681,-135.959927127,-0.726607852825,0.21728650927,0.65178800319,-742.06185345,0,0,0,1,1
528.47,0.669741150131,0.435120006601,0.601761889518,31.0308853884,-0.152512950294,0.87367294727,-0.461990672201,-137.318165322,-0.726764467908,0.217637683005,0.651496160482,-741.200770113,0,0,0,1,1
528.528,0.666903182584,0.432133248551,0.607042832555,32.7578461962,-0.144038860792,0.874061086204,-0.463972007955,-140.346649565,-0.73109024863,0.221986650682,0.645158100993,-740.489188772,0,0,0,1,1
528.607,0.661229253205,0.426273257475,0.617306232487,35.1917037236,-0.13138186451,0.875957701417,-0.464151818919,-143.810108655,-0.738589656293,0.2258079168,0.635213432105,-739.577480331,0,0,0,1,1
528.666,0.656197161568,0.417870894874,0.628322528935,37.2807235718,-0.116240908589,0.878706686544,-0.462993099509,-146.277053833,-0.745582548294,0.230777976073,0.625178526054,-739.03717041,0,0,0,1,1
528.727,0.653877755485,0.410548347857,0.635526502165,38.6320737277,-0.105002428027,0.881089205196,-0.461146725668,-148.441822338,-0.749278567017,0.234801760126,0.619233205223,-738.313804022,0,0,0,1,1
528.786,0.653100121812,0.404681752361,0.640072581975,39.8581508947,-0.0955464692751,0.882516076729,-0.460473936856,-151.079746029,-0.75121974355,0.239578908964,0.615037269831,-737.819162129,0,0,0,1,1
528.863,0.653231183348,0.397380264242,0.644498213103,42.0499281143,-0.0842449870699,0.884066675877,-0.45970522594,-155.331567606,-0.752457177024,0.245998045103,0.610977216065,-736.332451169,0,0,0,1,1
528.924,0.653715473851,0.38793554783,0.649740017221,44.7635032878,-0.0736138262754,0.887131163062,-0.455608718207,-158.001832115,-0.753151434858,0.250008620361,0.608488788653,-734.991250388,0,0,0,1,1
528.982,0.651233389,0.377809334442,0.658145257417,47.6358874759,-0.0603919456832,0.890312439008,-0.451327568229,-160.063313649,-0.756470677521,0.254172909169,0.602617827728,-734.464987003,0,0,0,1,1
529.042,0.64548255403,0.376550395576,0.66450137098,49.3716285568,-0.0492164447562,0.888720504123,-0.455799963927,-162.520518956,-0.762187650129,0.261506529827,0.592186052562,-733.994588146,0,0,0,1,1
529.101,0.636520360035,0.378527563772,0.671981186289,50.9010548069,-0.0392861931802,0.886059025266,-0.461904750754,-165.195580198,-0.770258674918,0.267612195554,0.578865516769,-733.667171019,0,0,0,1,1
529.16,0.626332308211,0.374868207166,0.683506888734,53.7961595722,-0.027514830013,0.886874006663,-0.461191316522,-168.098211252,-0.779070454978,0.270052445948,0.565792278683,-733.407564441,0,0,0,1,1
529.24,0.616318209517,0.363129819066,0.698776501553,58.5138813534,-0.0103844006938,0.891008800874,-0.453867250402,-172.058641279,-0.787428745246,0.272470275939,0.552915834364,-731.802360546,0,0,0,1,1
529.3,0.611556237736,0.352138613277,0.708517723931,61.8609663112,0.00273865402118,0.894549035268,-0.446961433766,-174.628635925,-0.791196225888,0.275282437761,0.54610265665,-730.664659103,0,0,0,1,1
529.358,0.606645692876,0.341120189244,0.718065470417,65.2181182861,0.0159474928765,0.897854754174,-0.440002861215,-177.16567661,-0.794812355708,0.278377184584,0.53923970766,-730.084681112,0,0,0,1,1
529.419,0.601413149968,0.335674483091,0.724999906516,68.0151138306,0.0251250675809,0.899059049227,-0.437105887609,-180.066986084,-0.798543019521,0.281096900384,0.53227209073,-729.488647461,0,0,0,1,1
529.477,0.596506737132,0.334840172858,0.729425644734,69.5924136324,0.0322428136919,0.898088379344,-0.438631581001,-182.52688331,-0.801960169535,0.285165428352,0.524919579509,-729.075345518,0,0,0,1,1
529.535,0.58832824553,0.331657032117,0.737477788519,71.7142773313,0.0416641705476,0.898373178298,-0.437252477874,-184.701701328,-0.807548123894,0.287974383517,0.51472010067,-728.982567595,0,0,0,1,1
529.595,0.580069495381,0.324803320479,0.747008824268,74.3397155907,0.0513561908331,0.900655267514,-0.431488853579,-186.438991834,-0.812946444848,0.288657049291,0.50576198523,-728.71811095,0,0,0,1,1
529.675,0.569954276637,0.316489126258,0.758278811193,78.3059704035,0.0628315391848,0.903354507867,-0.424267404829,-189.096461874,-0.819270602565,0.289456846659,0.49498526614,-728.078820506,0,0,0,1,1
529.735,0.568163484302,0.310244368387,0.762193339639,81.0968254266,0.0679677854114,0.905354415442,-0.419182254618,-191.275776196,-0.820104039285,0.289968643692,0.49330269655,-727.222442232,0,0,0,1,1
529.795,0.568754510694,0.306835964397,0.763131703913,83.3202260318,0.0714387802966,0.905876895958,-0.417472813533,-193.243549287,-0.819399052498,0.291956743922,0.493301583662,-726.569645387,0,0,0,1,1
529.856,0.565749234925,0.303131635264,0.766837019766,85.4917284175,0.07641918373,0.906698441326,-0.41479880045,-194.924797125,-0.821028569259,0.293273163107,0.489798877358,-726.468835619,0,0,0,1,1
529.917,0.559383911013,0.298925348788,0.773132120631,87.6147373717,0.0816243237018,0.908313122216,-0.410249609128,-196.23708747,-0.824880057875,0.292593417324,0.483696167298,-726.205653608,0,0,0,1,1
529.976,0.552811799276,0.293466013426,0.779921030326,89.9157429905,0.0890072833423,0.909786847171,-0.405420271111,-197.843256329,-0.828538965947,0.293539761667,0.476820291334,-725.962820536,0,0,0,1,1
530.033,0.547696653093,0.29035171235,0.784680992076,92.3700957784,0.094135051788,0.91051472307,-0.402618344214,-199.887100779,-0.831364521865,0.294378705426,0.471353592939,-725.623749449,0,0,0,1,1
530.112,0.542352378838,0.286466692147,0.789804236162,95.4660720825,0.0980276390565,0.912076140382,-0.398130250204,-202.115890503,-0.834412655195,0.293349532874,0.466585010918,-725.328369141,0,0,0,1,1
530.171,0.542735226698,0.285150433943,0.790017533807,96.8413514237,0.100912520619,0.911652528407,-0.398379631296,-203.486858747,-0.833819606919,0.295937320173,0.46601069263,-725.238931657,0,0,0,1,1
530.231,0.5416209883,0.284346625216,0.791071236844,97.9486711269,0.104318733534,0.911044036421,-0.398893927673,-205.059182645,-0.834124874864,0.298572872896,0.463777891564,-725.265050392,0,0,0,1,1
530.292,0.539537464441,0.282176259441,0.793269111382,98.5426689226,0.107745900037,0.911281604511,-0.397437615614,-206.122438122,-0.835039008364,0.299903977779,0.461267231247,-725.235541822,0,0,0,1,1
530.351,0.538062784494,0.279246863684,0.795304739748,98.8616111933,0.110725610791,0.911936435275,-0.395109829204,-207.034128355,-0.835600549938,0.300654497956,0.459759278103,-725.321443567,0,0,0,1,1
530.428,0.537784805519,0.277872636806,0.795973806521,98.6717625656,0.112505398386,0.912026497723,-0.39439853294,-208.322051792,-0.835541763341,0.301652888542,0.459211821002,-725.556699584,0,0,0,1,1
530.469,0.538957100196,0.277948274905,0.795154073514,98.3285369873,0.112423426343,0.911808357661,-0.394925932434,-209.015350342,-0.834797111494,0.302242080752,0.460177690968,-725.607299805,0,0,0,1,1
530.529,0.538323737277,0.277250153703,0.795826555322,97.9658696941,0.113107441075,0.912020762004,-0.394239567329,-209.875405263,-0.835113322045,0.302242422479,0.459603369653,-725.803995523,0,0,0,1,1
530.61,0.539404090544,0.277274216187,0.795086307354,97.2455451052,0.116029540235,0.910748266228,-0.396326558983,-211.821160063,-0.834014611921,0.306033665796,0.459089340436,-726.252419738,0,0,0,1,1
530.671,0.539729939479,0.276049313877,0.795291373484,96.6540934852,0.117588065098,0.910725630037,-0.395919024221,-213.158824171,-0.833585412166,0.307206124779,0.459085784491,-726.579674785,0,0,0,1,1
530.731,0.541367142722,0.270689706257,0.796020539752,96.0482806854,0.12245315979,0.911278294885,-0.393162934327,-214.546416069,-0.831821399363,0.310320724731,0.460189316873,-726.902173521,0,0,0,1,1
530.791,0.543289289537,0.266688128081,0.796061674882,95.4111352958,0.127904417552,0.910844235554,-0.392432463653,-216.182448837,-0.829745266841,0.31502415923,0.460741327923,-727.356252374,0,0,0,1,1
530.853,0.544441471919,0.265124215518,0.795796854731,94.9679480174,0.131729775031,0.909936135998,-0.393272799435,-218.069111086,-0.828390457468,0.318944162434,0.46048221597,-727.851933997,0,0,0,1,1
530.935,0.546478077217,0.263254555546,0.795021226198,94.7251464719,0.135630860441,0.908956461821,-0.394211136589,-220.699648762,-0.826417558391,0.323257156918,0.461019337646,-728.36174734,0,0,0,1,1
530.977,0.548085024819,0.261687699728,0.794432094883,94.4703254311,0.13783533028,0.908554323439,-0.39437350708,-222.159497979,-0.824987410387,0.325651023599,0.461895208389,-728.686767785,0,0,0,1,1
531.056,0.550852474473,0.258700357773,0.793495857743,93.7348820618,0.140815377476,0.908308115724,-0.393887542805,-224.438892999,-0.822637575627,0.328710346352,0.463914784597,-729.351632482,0,0,0,1,1
531.096,0.552194007245,0.257396677945,0.7929872184,93.44701454,0.142669205337,0.907944767691,-0.394058113317,-225.49447335,-0.821417845077,0.330731384971,0.46463908013,-729.689800119,0,0,0,1,1
531.175,0.554249050668,0.2506008973,0.793729916348,93.1569446764,0.146847680088,0.909201743455,-0.389599728634,-226.905169631,-0.819294665359,0.332492676568,0.467124042779,-729.990182584,0,0,0,1,1
531.232,0.555997712265,0.246050569322,0.793930514146,92.6377006052,0.150424100693,0.909621486128,-0.38724842402,-227.917673194,-0.817458949359,0.334735521436,0.468735529699,-730.408935574,0,0,0,1,1
531.294,0.559370145554,0.241677124621,0.792904286593,91.7101644696,0.153810227545,0.909679706957,-0.38577875091,-228.912906591,-0.814522838333,0.33774990479,0.471675256558,-730.874471389,0,0,0,1,1
531.356,0.561475735736,0.234043252113,0.793705710147,90.9815064479,0.158015881886,0.911193688397,-0.380469503767,-229.467568219,-0.812265953522,0.3390425023,0.474630595709,-731.158227705,0,0,0,1,1
531.415,0.5631230832,0.227683584394,0.794388178767,90.205871582,0.162339060594,0.912084041652,-0.376495325826,-229.995483398,-0.810270586022,0.340973439377,0.47665363847,-731.53314209,0,0,0,1,1
531.475,0.564616413774,0.216671361294,0.796405566588,89.7915562801,0.167972075807,0.914566860386,-0.367903302015,-230.219083298,-0.8080802479,0.341498139203,0.479984722543,-731.658298758,0,0,0,1,1
531.537,0.568679823034,0.203354033427,0.797025969441,89.0535196362,0.175282662067,0.916744777493,-0.358963788309,-230.615013866,-0.803666129218,0.343840297271,0.485689821511,-731.933596871,0,0,0,1,1
531.596,0.573359106835,0.192573947162,0.796350808051,87.6781947844,0.183159588078,0.917257125433,-0.353683376959,-231.82242557,-0.798568656976,0.348646871084,0.49064596134,-732.473676648,0,0,0,1,1
531.676,0.578980825867,0.173951632646,0.796568912762,86.0529349371,0.19436483617,0.919364415589,-0.342040029543,-233.243033529,-0.791835534527,0.352859605011,0.498484288029,-733.341324237,0,0,0,1,1
531.737,0.581532565994,0.154830179693,0.798653548258,85.348198011,0.203850601787,0.922668350568,-0.327304211723,-233.580223087,-0.787568921962,0.353144064535,0.504999468162,-733.765988607,0,0,0,1,1
531.797,0.583262386528,0.136903552918,0.800663728203,84.8047487655,0.213457463132,0.925218284119,-0.313698961052,-233.928593323,-0.783735223079,0.353876452919,0.510421939355,-734.050659131,0,0,0,1,1
531.858,0.584470837197,0.118231342169,0.802754750964,84.8252748099,0.221818163357,0.928360942722,-0.298232564342,-234.047509294,-0.78050659374,0.352373821045,0.516374038243,-734.092973699,0,0,0,1,1
531.918,0.58657701906,0.101989845772,0.803445998229,84.7191062779,0.230757323958,0.929872910705,-0.28650903542,-234.377951742,-0.776323681302,0.353460664427,0.521907176184,-734.23725114,0,0,0,1,1
531.98,0.589510390076,0.088209451331,0.80293000485,83.8613330494,0.238082505657,0.930887090694,-0.277066679484,-235.135726566,-0.771877076024,0.354497273721,0.527766484756,-734.642459232,0,0,0,1,1
532.043,0.591594040393,0.0796676752272,0.802290192446,82.8653610153,0.24287304288,0.931270540324,-0.271565582811,-235.703209798,-0.76878421967,0.355511240679,0.531584970948,-735.091641565,0,0,0,1,1
532.103,0.593584025407,0.0706689303902,0.801663212989,81.7031715319,0.247314104432,0.931915372368,-0.265272449555,-235.750224951,-0.765828791918,0.355724108013,0.535692654838,-735.267464133,0,0,0,1,1
532.163,0.594506677913,0.0637156663992,0.801562301865,80.6527557373,0.25044123079,0.932599309471,-0.25988019912,-235.648345947,-0.764094889289,0.355244763268,0.538479487384,-735.383239746,0,0,0,1,1
532.224,0.596172367852,0.0573461109485,0.800805801283,79.4844542948,0.252359907673,0.933504777146,-0.254722021123,-235.423373052,-0.762163358348,0.353949508553,0.542057894128,-735.494351505,0,0,0,1,1
532.301,0.599919589651,0.0479578436208,0.798621644578,77.8037998139,0.254834554221,0.934757664115,-0.24756304117,-234.909271037,-0.758390292612,0.352034308859,0.548558118578,-735.702231464,0,0,0,1,1
532.364,0.604103018518,0.0426718107609,0.795762941826,76.3427429199,0.255571470244,0.935446303884,-0.244179106698,-234.590286255,-0.754813067332,0.350883640424,0.554200238424,-736.001159668,0,0,0,1,1
532.423,0.608968892525,0.0412059118436,0.79212307173,74.7652988252,0.25542019515,0.935269190669,-0.245014417729,-234.502340189,-0.750944346704,0.351530388181,0.55902502121,-736.358403551,0,0,0,1,1
532.482,0.614386287174,0.0379604184604,0.78809168043,72.6452398337,0.25511394135,0.935630791711,-0.243950606743,-233.985472603,-0.746623310018,0.350933082271,0.565154496316,-736.770334401,0,0,0,1,1
532.543,0.618224794401,0.0343326583316,0.785251152282,70.3445843281,0.254950067724,0.936270558533,-0.241656583173,-232.949046265,-0.74350424784,0.349597925903,0.570072559986,-737.023410998,0,0,0,1,1
532.603,0.62017631759,0.0289710641365,0.783927300548,68.0421146803,0.255675084405,0.937286166445,-0.236906929837,-231.36822978,-0.741627660161,0.347354746093,0.573875503965,-737.128577894,0,0,0,1,1
532.663,0.620501689016,0.0220837960139,0.783894099915,66.397412755,0.256069506318,0.939104875446,-0.229151567412,-229.398445546,-0.741219307535,0.34292030979,0.577061174634,-737.188966108,0,0,0,1,1
532.724,0.623215124707,0.016373253797,0.781879034695,65.1302955389,0.255302759716,0.940746733038,-0.223195172795,-227.692672658,-0.739204578731,0.33871448277,0.582107455668,-737.182558579,0,0,0,1,1
532.804,0.627637232625,0.0114760942053,0.778421353436,63.532731434,0.251783420292,0.943160819985,-0.216916520607,-225.800130043,-0.736665876425,0.3321384755,0.589073356725,-737.210209112,0,0,0,1,1
532.861,0.631868707608,0.0108589246742,0.774999367807,62.1463012514,0.248613192565,0.944227994031,-0.215928172711,-224.581612079,-0.734120846202,0.329113322493,0.593928450345,-737.352740877,0,0,0,1,1
532.921,0.634070696086,0.0104145914831,0.773204946084,60.880241394,0.247089830532,0.944759159755,-0.215352607848,-223.334411621,-0.732735264616,0.327599857057,0.596470758415,-737.584838867,0,0,0,1,1
